c,time,vx,vy,V_net,dx,dy,dnet,ent,delta_entropy,div,delta_div,curl,delta_curl,theta,delta_theta,percent_contact,delta_area,aruco_vel_y,ee_vel_z,v_norm,updated_vx,updated_vy,updated_vnet,ground_truth
101,0.10004997253418,2.65743996127495,0.074924957144347,2.65849598400751,20.9125322374455,18.3415703433891,30.0568766775838,179.658365528035,32.0626383122102,0.116785806429122,0.431121697959626,0.00347503743039,-0.006938032958334,0.228898617196521,-20.0801527926557,0.116002604166667,0.265362183458838,0,0.019178562482312,0,2.65743996127495,0.074924957144347,2.65849598400751,0.019178562482312
102,0.119018316268921,2.82666038471491,4.9099464400246,5.66547288180138,22.3174821792298,29.3334973608017,39.8536323039708,238.216316249072,58.5579507210377,0.1478367320961,0.260891992429289,0.00258775240571,-0.00745502921311,0.398923821044709,1.42856334367911,0.132213541666667,0.136205401052486,0,0.019178562482312,0,2.7420501729949303,2.4924356985844733,5.66547288180138,0.019178562482312
103,0.082732677459717,2.61246929296979,0.552732670604961,2.67030133353226,24.7842500217849,30.657197422803,42.1160208578724,251.739245931464,13.5229296823921,0.13499721828216,-0.155192775190817,0.017667057583573,0.182265407585838,0.415181282112886,0.196505922053515,0.12828125,-0.047530090738104,0,0.012785708321542,0,2.6988565463198837,1.8458680225913024,4.16788710766682,0.012785708321542
104,0.116105318069458,4.20786563936597,4.49884101618247,6.16000841946198,32.4758055207544,41.7466813028581,56.2937158921056,336.483297821091,84.7440518896267,0.167194370481361,0.27730988325565,0.019258090327602,0.01370335804151,0.563616103736206,1.2784498082553,0.143645833333333,0.132333157419557,0,0.037233805547694,0,3.076108819581405,2.509111270989094,5.1639477635644,0.037233805547694
105,0.085728406906128,2.60290800970316,9.07733677099747,9.44315482034895,35.1140213313064,64.5976339217043,76.6460293001362,458.13477215169,121.651474330599,0.187766281038065,0.23996608941106,0.042214067923716,0.267775623326944,0.359152399949569,-2.38501695255486,0.151575520833333,0.0924977820792,0,0.024822537031796,0,2.981468657605756,3.822756370990769,7.303551291956674,0.024822537031796
106,0.115151405334473,1.72537081073037,3.24071653251278,3.67139593051772,36.3785090589835,72.6823989658513,84.6503410433597,505.978784035895,47.8440118842044,0.20005084655594,0.106681854921297,0.044928172197624,0.023569875382974,0.826936942651492,4.06234332393234,0.155169270833333,0.031208911342085,0,0.016548358021198,0,2.772119016459859,4.455914686064456,5.487473611237197,0.016548358021198
107,0.089099168777466,12.3499281955525,4.40734873898583,13.1127971593533,35.1731198816022,83.7889177880956,95.0811209647802,568.326475446648,62.3476914107532,0.189395955704496,-0.119584626856128,0.03100690973967,-0.156244582850418,0.80865774455245,-0.205155652402284,0.155677083333333,0.005699407828016,0,0.459968905347465,0,4.140377470615951,4.355395145856702,9.300135385295247,0.459968905347465
108,0.111558675765991,1.50923674664882,4.16348551577894,4.42858975267931,38.8700509620429,94.2809012878585,106.763583364514,638.155823405622,69.829347958974,0.197194214074915,0.069902751326819,0.041669378273819,0.095577223922189,0.7210277935604,-0.785505478532796,0.183346354166667,0.248024375005788,0,1.95002593689831,0,3.9763484399550735,5.077545714891499,6.864362568987279,1.95002593689831
109,0.092427968978882,12.3442351558023,4.76707967367535,13.2327317737841,43.5277599749697,106.29394206552,118.549544867118,708.603814474275,70.4479910686534,0.227383769256146,0.326627919175938,0.049299844474525,0.082555813840819,1.26430057544938,5.8777963844809,0.200026041666667,0.180461473775443,0,5.95228729126554,0,5.3360019786818444,5.131193446390074,10.048547171385689,5.95228729126554
110,0.105981588363647,4.87557344753661,65.1789867870028,65.3610857852178,58.3083088151404,270.544988768767,280.622361840527,1677.35840951451,968.754595040234,0.217961786331475,-0.088902073182199,0.125085605774223,0.715084218587671,2.11018036496052,7.98138433827514,0.351979166666667,1.43376908523595,0,11.1707015275104,0,5.659302572191391,16.351523449591138,37.704816478301744,11.1707015275104
111,0.097878932952881,6.48684130472411,12.8398550083372,14.3854435714647,45.8554784464997,238.188554147758,246.021028551001,1470.5365547167,-206.821854797812,0.281908695224806,0.653326583812629,0.022142675459299,-1.05173735766492,0.949579926494991,-11.8575101245152,0.340807291666667,-0.11413973020505,0,19.6390676850069,0,5.98487052438541,18.27135114475602,26.04513002488322,19.6390676850069
112,0.209378004074097,0.855402488666003,3.11361651333147,3.22898145081486,44.6684507756573,246.034867761353,253.333770840327,1514.24686238842,43.7103076717192,0.313601362451867,0.151365791106909,0.030311669640763,0.039015531825269,2.88169969283412,9.22790230465362,0.395559895833333,0.261501223152793,0,19.6390676850069,0,5.735226878522959,18.01260469962515,14.63705573784904,19.6390676850069
113,0.082863330841065,3.87860446908477,2.04054405231382,4.38262394656873,45.010284592319,251.177038773184,258.396823658935,1544.5101463527,30.2632839642852,0.225544456587075,-1.06267639703851,0.036972734316098,0.080386156430414,1.90784199925601,-11.7525772098881,0.366940104166667,-0.345385484461887,0,37.8322451233379,0,6.0428316868593015,17.588016406932127,9.509839842208883,37.8322451233379
114,0.082057952880859,0.843831854140948,3.23233265961874,3.34066260201489,46.8328727992069,259.322517075423,266.695095004268,1594.11123706491,49.6010907122111,0.287674460785566,0.757147869490462,0.028055939167601,-0.108664606359885,2.33887498658833,5.25278747762746,0.396171875,0.356233245006431,0,55.606526748892,0,4.399103638086222,17.281067004120803,6.425251222111887,55.606526748892
115,0.080631971359253,4.79251714809876,19.9494542854979,20.5170404031379,39.6716439098396,209.049892275968,216.074583622463,1291.53827066515,-302.572966399761,0.225898679003737,-0.766145001051623,0.011119755352701,-0.210043032923528,0.964387036168518,-17.0464386179501,0.324947916666667,-0.883321555118595,0,72.788861165928,0,4.868143695436215,8.235160503819827,13.471145812624894,72.788861165928
116,0.080170869827271,1.34514493542875,6.91061919957423,7.04031765042129,37.5874312336707,191.635131893041,198.274589739601,1185.1427245907,-106.395546074453,0.153809464788439,-0.899194612340063,0.063723619923118,0.656146860870455,0.94803475288069,-0.203967891617724,0.226940104166667,-1.22248658036466,0,88.1080307772853,0,3.296845092525707,7.049313342067232,10.255731731523092,88.1080307772853
117,0.07931661605835,3.58043268670218,4.05456658345742,5.40915967629862,36.4027713612469,181.417624102729,187.163406383467,1118.72807138975,-66.4146532009449,0.278226462207905,1.56861202106678,0.191182462633367,1.60696269009362,1.53029103309367,7.34091176790301,0.291002604166667,0.807680700256705,0,101.184607184857,0,3.1118249838350747,7.2375033560924225,7.832445703910856,101.184607184857
118,0.095386981964111,0.271420760417629,20.6316931775603,20.6334784416534,20.7399327810377,129.425757295277,132.119924277225,789.717770876587,-329.010300513167,0.28851835529989,0.107896202186769,0.220798134533292,0.310479179549554,0.220781101938787,-13.7283925352369,0.216731770833333,-0.778626514897779,0,103.729698123238,0,2.2239077632198625,10.95573318114172,14.232962072782128,103.729698123238
119,0.16899299621582,8.92032133264252,8.78349950332459,12.5188656116479,40.8378503262478,151.560176043655,161.239609977063,963.774283588854,174.056512712267,0.214604811189715,-0.437376375147404,0.45906075968818,1.40989644831555,0.269931598104864,0.290843391540955,0.089114583333333,-0.755162582815092,0,89.6668020821586,0,3.376039026645079,12.065966549882887,13.375913842215011,89.6668020821586
120,0.079118967056275,3.4217544899328,0.738957889792113,3.50063744941707,34.89393443655,149.698002161378,157.081466547688,938.919896349421,-24.854387239433,0.149742616953076,-0.819805877780303,0.329208712516121,-1.6412252586627,0.0,-3.41171792489242,0.102083333333333,0.16391455149782,0,98.1588880547724,0,3.310774743909084,8.223867270741732,8.438275645816042,98.1588880547724
121,0.08170223236084,1.95885205464214,23.6971762722072,23.77799959307,20.7586379547651,89.9811179554163,93.9012958931093,561.274330732508,-377.645565616913,0.168171002860066,0.225555475958128,0.086800284754907,-2.96697435010846,0.63495886071822,7.77162192966661,0.059049479166667,-0.526715769241245,0,102.606745369848,0,3.470063343980683,11.581178685268323,16.10813761944302,102.606745369848
122,0.082073450088501,1.86163097710392,31.7598086812484,31.8143225193373,5.45647548925562,10.3561403037042,12.5634279692235,75.0951257707767,-486.179204961731,0.025016637416271,-1.74422258707817,0.00101239044106,-1.0452575616273,0.0,-7.73647092980171,0.0,-0.719471145699282,0,105.566330246566,0,3.051365319552849,17.12222710482652,23.96123006939016,0.0
123,0.172069549560547,0.498558797336223,1.71925202691114,1.79008055864517,4.9589593590205,6.49001122310223,8.92818032313617,53.3662329988688,-21.7288927719079,0.005412936088844,-0.113928939649651,0.003282815772254,0.013194811847839,0.0,0.0,0.0,0.0,0,88.0835734977104,0,2.930424442682487,13.339738874696687,12.875655314017663,0.0
124,0.080835342407227,0.36527683720883,0.38056091804817,0.527497658901869,4.78544500576414,5.75215910906256,8.20966217225904,49.0714488809607,-4.29478411790815,0.010794771424926,0.066577751461351,0.00363513338744,0.00435846010784,0.0,0.0,0.0,0.0,0,96.3709323318069,0,2.4711164641834378,11.659151157641404,6.701576486459767,0.0
125,0.118524074554443,0.320130364316872,0.357137906799369,0.479615402828859,4.30381305186479,4.47507496835284,6.86066525914878,41.0081167153634,-8.0633321655973,0.000205177981203,-0.089345506248678,0.001029297790715,-0.021985707178229,0.0,0.0,0.0,0.0,0,90.008581554538,0,2.478074979026186,11.582787161042855,3.590595944644313,0.0
126,0.078928470611572,0.071148824901046,0.04747012541862,0.085531094299437,4.21562517916667,4.82139280923661,7.09015287852609,42.3798284553591,1.37171173999578,0.007226317958092,0.088955733241577,0.000884141779046,-0.001839083039923,0.0,0.0,0.0,0.0,0,98.6905377030253,0,1.2139074779202617,6.85284593168514,1.838063519471875,0.0
127,0.079563617706299,0.189501865133572,0.342258710487913,0.391218585695965,3.74765114326617,3.50766096499772,5.7676596640706,34.4749163156294,-7.90491213972969,0.004182833935527,-0.03825220760825,0.001974057835965,0.013698673945946,0.0,0.0,0.0,0.0,0,104.12779513535,0,0.7521571029489432,0.5693359375330425,1.11464105258392,0.0
128,0.080202102661133,0.009043343486658,0.103427884146409,0.103822489280602,3.66944333748092,3.37789075728557,5.54100835419424,33.1201579914705,-1.35475832415892,0.00151441751151,-0.033271152943345,0.00306625417232,0.013618051149728,0.0,0.0,0.0,0.0,0,107.489020090233,0,0.4736130013553029,0.2461711089800961,0.609231770932261,0.0
129,0.096253156661987,0.055583822086223,0.09882133311074,0.113380850038693,3.59037875980114,3.90217177647632,5.80041980995223,34.6707328778987,1.55057488642816,0.002088108649239,0.005960231930297,0.00821483053218,0.053489948157655,0.0,0.0,0.0,0.0,0,103.311986726822,0,0.2156062649242034,0.1898231919926102,0.361306310485477,0.0
130,0.101954936981201,0.095511874966633,0.347676590981443,0.360557249512639,3.69109662199883,3.20469649986314,5.35193855366685,31.990034868638,-2.68069800926065,0.00731820731835,0.051298140374265,0.005492764677385,-0.026698715485422,0.0,0.0,0.0,0.0,0,98.5282811512149,0,0.1580281331571191,0.187930928829025,0.360931779999058,0.0
131,0.101978778839111,0.069895951436647,0.054299256579472,0.088509057685173,3.25320843641731,3.27902291907032,5.12977734017179,30.6621151074336,-1.3279197612044,0.005514975783541,-0.017682419375251,0.002425311897204,-0.030079324493779,0.0,0.0,0.0,0.0,0,94.1554974341433,0,0.115830863761093,0.1892967550611954,0.2247204188421155,0.0
132,0.101991891860962,0.098160221992048,0.209863374957152,0.231685272147227,3.17960760508881,3.32160504182616,5.07508538653995,30.3352059910131,-0.326909116420559,0.000682630892151,-0.047379696593702,0.00076268858288,-0.016301524405399,0.0,0.0,0.0,0.0,0,88.8835182894288,0,0.0841208434289752,0.1628176879550432,0.2282028454946712,0.0
133,0.17055344581604,0.115249350557847,0.520236806456149,0.53284964820829,3.90786535033912,3.39820733781397,5.73474798023872,34.2781939686126,3.94298797759955,0.004274357380964,0.021059243169367,0.002215947359884,0.008520840901519,0.0,0.0,0.0,0.0,0,72.9952621929526,0,0.090420918522804,0.2461794724169911,0.3805262468514806,0.0
134,0.079981327056885,0.064173051575353,0.253635025241768,0.261627419392321,3.22057433820785,2.86337331799777,4.7291197467438,28.2672725180387,-6.01092145057388,0.000417628570252,-0.048220365335646,0.001516784518761,-0.008741575900906,0.0,0.0,0.0,0.0,0,72.710788128635,0,0.0725168023002012,0.2771422108431968,0.3210768331219008,0.0
135,0.08339262008667,0.119471735753685,0.131850233848922,0.177926894566318,3.46767631718613,2.99286513176318,5.24881342285799,31.3736270946459,3.10635457660719,0.003549532131025,0.037556123761529,0.005157426622844,0.04365664611927,0.0,0.0,0.0,0.0,0,66.26120541909,0,0.0882922869097765,0.2339769394166926,0.2495018638441094,0.0
136,0.082671165466309,0.280751874702817,0.104714996076492,0.299644531991568,2.9902133747499,3.27530032973176,4.96365791409752,29.6691727970566,-1.70445429758935,0.005882179245272,0.028215969874011,0.006421934655337,0.015295635731767,0.0,0.0,0.0,0.0,0,56.79441694606,0,0.12045915156929,0.2440600873160966,0.2745731979178387,0.0
137,0.105667352676392,0.239298541310606,0.097830608754037,0.258523925164711,3.46962300312782,2.93126164063977,5.06329249387386,30.2647165704401,0.595543773383483,0.004083797792176,-0.017019272344255,0.001285469305015,-0.0486097665951,0.0,0.0,0.0,0.0,0,43.8881412973734,0,0.1410001039041432,0.2216535340754735,0.2665485615412748,0.0
138,0.08979606628418,0.135377824635631,0.113393429847973,0.176593389841644,3.15047962981946,3.04508157758115,4.84661034090128,28.9695466876963,-1.29516988274374,0.000311685877483,-0.04200754076192,0.000216663288924,-0.011902592845318,0.0,0.0,0.0,0.0,0,32.8223908649156,0,0.1503546572182838,0.1402848587538384,0.2215709756914594,0.0
139,0.101919412612915,0.226098591528609,0.077255771750666,0.238933102269258,3.21413853113279,3.05153191230012,5.04007693634867,30.1259506845318,1.15640399683552,0.002608095721882,0.022531623618368,0.001968191053397,0.01718541855344,0.0,0.0,0.0,0.0,0,23.0589939099437,0,0.1686315671520783,0.105009008055618,0.2302520389803587,0.0
140,0.100094556808472,0.218888810803248,0.292436553580726,0.365282697872528,3.53778547780252,2.54552944801949,4.76163048818728,28.4615983201669,-1.66435236436492,0.003392949034682,0.007841118816296,0.001756053851472,-0.002119368012498,0.0,0.0,0.0,0.0,0,15.4392659399625,0,0.1834372043299927,0.1371262720019788,0.2977673684264433,0.0
141,0.15806770324707,0.07011124619892,0.055737528767183,0.089567064017071,3.64717017587324,2.96632545906194,5.27474841167883,31.5286477826409,3.06704946247398,0.001699547213175,-0.010713142449223,0.013026832308656,0.071303487212478,0.0,0.0,0.0,0.0,0,15.4392659399625,0,0.1842855178476451,0.127330778540117,0.1936672162217571,0.0
142,0.078696727752686,0.022080492855968,0.058099607406103,0.062153942316684,3.76993171667311,2.92607973598056,5.16030724518967,30.8446008957634,-0.68404688687755,0.00237641279795,0.00860093683822,0.001772001115454,-0.14301523728625,0.0,0.0,0.0,0.0,0,10.3352006266417,0,0.1703724831479712,0.1193845782705302,0.1279105792692206,0.0
143,0.083192586898804,0.224648603259926,0.195471654052564,0.297785430276031,3.74710578983591,3.31887018644094,5.56495531308852,33.2632956680982,2.41869477233488,0.004496735437744,0.025486917991535,3.85522601592685e-05,-0.020836578352865,0.0,0.0,0.0,0.0,0,6.93020041776111,0,0.1623577300847011,0.1358002231114484,0.2128480047726257,0.0
144,0.08617115020752,0.425508105682544,0.26775994860115,0.502745003034776,3.32480868243593,2.60870889314716,4.63339193273299,27.6950805772314,-5.56821509086684,0.001180958535452,-0.038478967662684,0.002141882825876,0.024408755838253,0.0,0.0,0.0,0.0,0,4.65881694517407,0,0.1889590964235494,0.1739010584815452,0.3577965039037009,0.0
145,0.152517795562744,0.360209323345644,0.101895016684323,0.374343894100364,3.23908824963905,3.32474787777191,5.11159627041939,30.5534417642148,2.85836118698345,0.002115195548235,0.006125429556176,0.003014773599055,0.005723206068895,0.0,0.0,0.0,0.0,0,3.10587796344938,0,0.2210778819535513,0.1357927511022645,0.3660701990020324,0.0
